{
  "calibration_Time": "Wed 27 Jun 2018 02:27:48 PM DST",
  "nrOfFrames": 18,
  "image_Width": 480,
  "image_Height": 640,
  "board_Width": 9,
  "board_Height": 6,
  "square_Size": 26.0,
  "FixAspectRatio": 1.0,
  "flagValue": 14,
  "Camera_Matrix": {
    "type_id": "opencv-matrix",
    "rows": 3,
    "cols": 3,
    "dt": "d",
    "data": [
      5.0500367384252360e+02,
      0.0,
      240.0,
      0.0,
      5.0500367384252360e+02,
      320.0,
      0.0,
      0.0,
      1.0
    ]
  },
  "Distortion_Coefficients": {
    "type_id": "opencv-matrix",
    "rows": 5,
    "cols": 1,
    "dt": "d",
    "data": [
      1.8583918894177995e-01,
      -6.1485025272353333e-01,
      0.0,
      0.0,
      6.6375101528814839e-01
    ]
  },
  "Avg_Reprojection_Error": 1.2870771779362538e+00,
  "Per_View_Reprojection_Errors": {
    "type_id": "opencv-matrix",
    "rows": 18,
    "cols": 1,
    "dt": "f",
    "data": [
      2.66809672e-01,
      2.43741661e-01,
      2.31101334e-01,
      2.50674486e-01,
      2.87427604e-01,
      2.99829602e-01,
      3.11567038e-01,
      2.96181768e-01,
      2.18192530e+00,
      4.59787035e+00,
      2.60974318e-01,
      2.15186045e-01,
      2.83060521e-01,
      2.48148233e-01,
      3.33176166e-01,
      2.35304967e-01,
      1.19166243e+00,
      1.21256208e+00
    ]
  },
  "Extrinsic_Parameters": {
    "type_id": "opencv-matrix",
    "rows": 18,
    "cols": 6,
    "dt": "d",
    "data": [
      -3.2128551462253407e-02,
      -2.2293670133449542e-01,
      3.0995723775569295e+00,
      1.2466181308524190e+02,
      -3.7794013708454713e+01,
      6.1785379180654581e+02,
      -3.1638214924565901e-02,
      4.1435255513619390e-01,
      -3.1040817836863428e+00,
      3.8074942953357706e+01,
      -1.2996829650366658e+02,
      6.1296222563851904e+02,
      7.6665355893421022e-02,
      -3.7145550170372149e-01,
      3.0922959819302651e+00,
      2.8185021076293788e+02,
      -2.7319612840787181e+02,
      9.0402783181290670e+02,
      -1.0339133370811439e-02,
      -1.1919704703259978e-01,
      3.1352492560929108e+00,
      1.0734743794871581e+02,
      5.3684527591609509e+01,
      8.9906297040091806e+02,
      -2.9827935052659533e-02,
      -5.1619995900391971e-02,
      3.1301171754955237e+00,
      1.0229793942144619e+02,
      1.7354847675020875e+02,
      5.2289651285606885e+02,
      -7.4685562413395204e-02,
      -3.1853476685712985e-02,
      3.1256496395030129e+00,
      -5.3899536656144056e+00,
      2.1852166998196122e+02,
      6.2953630069274368e+02,
      -5.1584076090351233e-02,
      -1.4310628688627933e-01,
      3.1285490735638319e+00,
      1.4591467586727342e+02,
      5.4827306545008483e+01,
      4.7084812612138842e+02,
      -1.2508311666976946e-01,
      -3.7128687038264974e-01,
      3.0997783437014026e+00,
      2.0345092732505503e+01,
      -1.5035776993055381e+02,
      6.4635103569039302e+02,
      9.5011945974396467e-02,
      2.1527751542436374e-01,
      3.1114722074286689e+00,
      3.1516840291462660e+02,
      4.9872674525860566e+02,
      1.0476659675794065e+03,
      -1.7748361814207972e-01,
      -3.2159850285012148e-01,
      3.0948642710839671e+00,
      1.2225702239301116e+02,
      -2.5054548918084157e+02,
      1.0783106598738832e+03,
      3.5638579206477172e-02,
      1.0603909119512037e-01,
      3.1237855888485546e+00,
      3.1609321349270465e+02,
      4.5805716888383995e+02,
      9.2193934898393172e+02,
      2.7728297780132791e-02,
      3.9772802375925459e-01,
      -3.1065985449636271e+00,
      -7.3464591532911044e+01,
      -2.1930347052474355e+02,
      8.2412310101559262e+02,
      1.4155530397594890e-01,
      -3.0248423118595130e-01,
      3.1126929636108387e+00,
      9.9067077129362573e+01,
      -8.0396298012671153e+01,
      9.0973843581298627e+02,
      3.1231850811015933e-02,
      2.7261509601624271e-02,
      3.1362207194195380e+00,
      2.4626530446046732e+02,
      2.3816177694628044e+02,
      7.7698491242406544e+02,
      -1.2640084446994031e-02,
      -1.1095187038128093e-01,
      3.1300278947796674e+00,
      9.1025124350642017e+01,
      1.2309704486792495e+02,
      4.2530482365559897e+02,
      -4.3172193144135174e-01,
      2.6606687142523833e-01,
      -3.0967079168693386e+00,
      -9.9018698702631937e+01,
      -9.3248022276642843e+01,
      8.1930370857186085e+02,
      -1.7302026266083341e-02,
      -2.1060673611690009e-01,
      3.1054214866439751e+00,
      1.2440542270667967e+02,
      -3.7331644042927984e+01,
      6.1732588040611404e+02,
      1.1528710883490421e-04,
      4.2197322104264051e-01,
      -3.1023323582702167e+00,
      3.7870367248529114e+01,
      -1.3041342616073845e+02,
      6.1624410781147310e+02
    ]
  },
  "Image_points": {
    "type_id": "opencv-matrix",
    "rows": 18,
    "cols": 54,
    "dt": "2f",
    "data": [
      3.42530731e+02,
      2.88762115e+02,
      3.21425964e+02,
      2.89516846e+02,
      2.99584503e+02,
      2.90476532e+02,
      2.78461578e+02,
      2.91363586e+02,
      2.56957001e+02,
      2.91769043e+02,
      2.35492416e+02,
      2.92481293e+02,
      2.14549698e+02,
      2.93499725e+02,
      1.92924347e+02,
      2.93852692e+02,
      1.71536957e+02,
      2.94495575e+02,
      3.42603088e+02,
      2.67499695e+02,
      3.21421753e+02,
      2.68541351e+02,
      2.99493896e+02,
      2.69230377e+02,
      2.77785553e+02,
      2.69557404e+02,
      2.56474854e+02,
      2.70494812e+02,
      2.35163025e+02,
      2.71507111e+02,
      2.13512543e+02,
      2.71759338e+02,
      1.91798492e+02,
      2.72517120e+02,
      1.70368652e+02,
      2.73462311e+02,
      3.42656616e+02,
      2.45496429e+02,
      3.21264648e+02,
      2.46579117e+02,
      2.99480347e+02,
      2.47459122e+02,
      2.77494110e+02,
      2.47947006e+02,
      2.55635025e+02,
      2.48487961e+02,
      2.34524796e+02,
      2.49546417e+02,
      2.12460251e+02,
      2.50378860e+02,
      1.90617783e+02,
      2.50489792e+02,
      1.68942947e+02,
      2.51501572e+02,
      3.42672058e+02,
      2.23456024e+02,
      3.20810699e+02,
      2.24426987e+02,
      2.99315247e+02,
      2.24888733e+02,
      2.77313751e+02,
      2.25480988e+02,
      2.55498642e+02,
      2.26502319e+02,
      2.33467560e+02,
      2.27488983e+02,
      2.11451767e+02,
      2.27808426e+02,
      1.89551620e+02,
      2.28506943e+02,
      1.67549316e+02,
      2.29250000e+02,
      3.42762054e+02,
      2.00503006e+02,
      3.20581512e+02,
      2.01491089e+02,
      2.98665222e+02,
      2.02497742e+02,
      2.76552521e+02,
      2.03453857e+02,
      2.54464355e+02,
      2.04138977e+02,
      2.32534637e+02,
      2.04513107e+02,
      2.10462357e+02,
      2.05504791e+02,
      1.88505234e+02,
      2.05856537e+02,
      1.66317017e+02,
      2.06491776e+02,
      3.42694122e+02,
      1.77639679e+02,
      3.20574158e+02,
      1.78510620e+02,
      2.98557831e+02,
      1.79535370e+02,
      2.76484741e+02,
      1.80440643e+02,
      2.54433319e+02,
      1.80739120e+02,
      2.32114548e+02,
      1.81495819e+02,
      2.09428192e+02,
      1.82421539e+02,
      1.87419495e+02,
      1.82549744e+02,
      1.64682114e+02,
      1.83510361e+02,
      2.71524994e+02,
      2.12328461e+02,
      2.50048676e+02,
      2.12281647e+02,
      2.28515518e+02,
      2.11676956e+02,
      2.06680801e+02,
      2.11525406e+02,
      1.85548508e+02,
      2.11497314e+02,
      1.63555145e+02,
      2.11295792e+02,
      1.42309921e+02,
      2.10532715e+02,
      1.20517258e+02,
      2.10497894e+02,
      9.91239319e+01,
      2.09996933e+02,
      2.72362396e+02,
      1.89514389e+02,
      2.50470306e+02,
      1.89506683e+02,
      2.28505600e+02,
      1.89452774e+02,
      2.06487717e+02,
      1.89190536e+02,
      1.84469452e+02,
      1.88627792e+02,
      1.63189423e+02,
      1.88510437e+02,
      1.41328156e+02,
      1.88407715e+02,
      1.19299225e+02,
      1.87649277e+02,
      9.73547516e+01,
