{
    "calibration_Time": "Sun 17 Mar 2019 04:47:50 PM STD",
    "nrOfFrames": 20,
    "image_Width": 1920,
    "image_Height": 1080,
    "board_Width": 9,
    "board_Height": 6,
    "square_Size": 21.0,
    "flagValue": 0,
    "Camera_Matrix": {
        "type_id": "opencv-matrix",
        "rows": 3,
        "cols": 3,
        "dt": "d",
        "data": [ 1.6290340568567849e+03, 0.0, 9.6269616389011469e+02,
            0.0, 1.6321953075571778e+03, 5.4792255574780188e+02, 0.0,
            0.0, 1.0 ]
    },
    "Distortion_Coefficients": {
        "type_id": "opencv-matrix",
        "rows": 5,
        "cols": 1,
        "dt": "d",
        "data": [ 2.6356175489255629e-01, -1.9429386540268951e+00,
            3.4271743045777860e-03, 2.2181552299337828e-03,
            2.1270586172297947e+00 ]
    },
    "Avg_Reprojection_Error": 4.6935186775196752e-01,
    "Per_View_Reprojection_Errors": {
        "type_id": "opencv-matrix",
        "rows": 20,
        "cols": 1,
        "dt": "f",
        "data": [ 2.99234867e-01, 5.53224981e-01, 3.62293214e-01,
            4.59320098e-01, 4.54219908e-01, 4.46132988e-01,
            5.69515288e-01, 4.52723682e-01, 4.86709028e-01,
            4.49331284e-01, 3.52031559e-01, 5.21438599e-01,
            5.11848032e-01, 5.79353511e-01, 4.83479589e-01,
            4.79372919e-01, 4.46942002e-01, 4.93227035e-01,
            3.64553958e-01, 5.11476099e-01 ]
    }
}
