{
    "calibration_Time": "Sun 23 Dec 2018 05:25:34 PM STD",
    "nrOfFrames": 30,
    "image_Width": 1920,
    "image_Height": 1080,
    "board_Width": 9,
    "board_Height": 6,
    "square_Size": 38.0,
    "flagValue": 0,
    "Camera_Matrix": {
        "type_id": "opencv-matrix",
        "rows": 3,
        "cols": 3,
        "dt": "d",
        "data": [ 1.5457332611137824e+03, 0.0, 9.6908732308563572e+02,
            0.0, 1.5463692382641311e+03, 5.4466422809534902e+02, 0.0,
            0.0, 1.0 ]
    },
    "Distortion_Coefficients": {
        "type_id": "opencv-matrix",
        "rows": 5,
        "cols": 1,
        "dt": "d",
        "data": [ 2.4740289928390105e-01, -1.5766521391880883e+00,
            -6.9313775836788685e-04, 7.2301654898122858e-04,
            2.7117937755425046e+00 ]
    },
    "Avg_Reprojection_Error": 3.9661185159515711e-01,
    "Per_View_Reprojection_Errors": {
        "type_id": "opencv-matrix",
        "rows": 30,
        "cols": 1,
        "dt": "f",
        "data": [ 4.21808362e-01, 4.79456455e-01, 2.57015198e-01,
            5.02491355e-01, 4.13120449e-01, 6.05485737e-01,
            2.61096835e-01, 3.26742619e-01, 4.19941902e-01,
            5.18485188e-01, 2.88650990e-01, 2.76414424e-01,
            5.04479051e-01, 3.06556463e-01, 3.05009633e-01,
            4.21588480e-01, 4.36837584e-01, 2.80840963e-01,
            3.18014055e-01, 3.27462524e-01, 2.95881242e-01,
            3.34341675e-01, 3.35558951e-01, 3.68389308e-01,
            4.58189547e-01, 5.31363785e-01, 4.97059882e-01,
            3.79425555e-01, 4.20115173e-01, 2.66074538e-01 ]
    },
    "Extrinsic_Parameters": {
        "type_id": "opencv-matrix",
        "rows": 30,
        "cols": 6,
        "dt": "d",
        "data": [ -3.8345816576619125e-02, 1.3797882025227894e-02,
            3.1366391394653990e+00, 3.7266645478481803e+02,
            1.0077549857072934e+02, 7.2086999246933090e+02,
            5.6570411403094358e-02, -3.6019990931764626e-02,
            -3.1355680000154385e+00, 3.7824504977865371e+02,
            1.4625547425636373e+02, 7.1068702458231246e+02,
            -1.7898328375285302e-01, -3.6811986310324618e-02,
            3.1177066464827399e+00, 2.3547652332464551e+01,
            3.0145382557000215e+01, 7.1468091971692161e+02,
            -1.7903821539372899e-01, -2.6016521794958513e-02,
            3.1164053737394388e+00, -3.8355208100820377e+01,
            9.3925174597400929e+00, 6.8321520645866883e+02,
            -1.8103452082148067e-01, 9.6223444037791678e-02,
            3.1329509728735001e+00, -4.2334723610467826e+01,
            1.5245962683610026e+02, 6.7554237834589014e+02,
            1.0667384751498765e-01, -3.0946729417621096e-04,
            3.1358150611018938e+00, 3.3556849493299092e+02,
            1.9291415860162040e+01, 6.2045839873771615e+02,
            -9.3170692742530939e-02, 8.4337972836474329e-01,
            3.0200124299587419e+00, 1.5230058821240820e+02,
            1.0584079059627305e+02, 6.5547593754005936e+02,
            2.1430769590400734e-02, 8.0945064871155736e-01,
            3.0212546394863042e+00, 3.1359653141467703e+02,
            1.0000199645428818e+02, 6.3959406542742715e+02,
            -2.0793110545912871e-01, 7.8458436064830106e-01,
            3.0264581595926168e+00, -2.5214199101523878e+01,
            1.1863447257927339e+02, 6.4714414996396931e+02,
            7.7196226037056437e-01, -2.4032933241684321e-02,
            -3.0131638498461770e+00, 3.6878729607839624e+01,
            9.1976516215155698e+01, 8.5537781652178296e+02,
            -1.2449440352267387e+00, 3.7716431701913661e-02,
            2.8796065603615824e+00, -1.3680271514011986e+01,
            9.4130449363452868e+01, 1.0234636944736742e+03,
            1.3504120227069729e+00, -2.9376894203138351e-02,
            -2.8318421566140874e+00, -2.5322298089983981e+00,
            1.0228482657724560e+02, 1.0824416291819532e+03,
            8.2729802252275353e-01, 8.4339920207624541e-02,
            2.9508659629703531e+00, 2.1548435631369213e+02,
            1.2266766324661462e+02, 7.4729041882059460e+02,
            8.5349083367666434e-01, 6.6477978830290566e-02,
            2.9350789805608466e+00, 1.8362320405365381e+02,
            9.9089598012424148e+01, 7.6563343544960151e+02,
            5.5452164797541215e-01, 6.2223148884789740e-02,
            2.9940002418706850e+00, -7.6651992531176560e+01,
            5.8794707340918769e+01, 7.8095351716726964e+02,
            8.6066030314749842e-01, 1.8167775224314847e-01,
            2.9431754293936740e+00, 2.4703323405842769e+02,
            1.2197809531318255e+02, 7.0770504275924350e+02,
            8.9385896693016428e-02, -4.2043873025933037e-01,
            3.0819331412253899e+00, 2.3779016654900968e+02,
            1.0653848455010686e+02, 8.0990612622450567e+02,
            -5.8468115834388615e-02, 4.0768390639682950e-01,
            -3.1135615261678042e+00, 3.6515327406126687e+02,
            1.4281038667102072e+02, 7.9792869615613631e+02,
            -2.4618120332210076e-02, -3.5112269514911082e-01,
            2.9348953917282352e+00, 2.0680202943774370e+02,
            4.0406027258762833e+01, 8.1838787994441191e+02,
            1.0821754407429751e+00, -4.3008325138742431e-01,
            -2.8779317714041124e+00, -1.5458879153289016e+02,
            2.8762107177791602e+01, 9.7501296608762584e+02,
            2.4596596199189763e-01, 5.7258347156839118e-01,
            3.0110864813112905e+00, 3.1848374009005238e+02,
            4.4875218413238336e+01, 7.8465197420172149e+02,
            -3.5977774096458442e-01, 3.5461003669542729e-01,
            -2.9386798662012592e+00, 2.8504163405549502e+02,
            3.2034046888720958e+01, 8.6248559574214880e+02,
            -3.8031549273662296e-01, 3.4875606719855212e-01,
            -2.9304998847102643e+00, 2.9324696534748733e+02,
            7.2745399789175295e+01, 8.6259674650587465e+02,
            -8.3978493033978685e-01, -3.5283980794606501e-01,
            2.8389883901664654e+00, 9.8480970169599857e+01,
            7.6777561144565141e+01, 1.0473241734550954e+03,
            1.5895425997505955e-01, -2.1219982020633152e-01,
            -3.1159133199602742e+00, 1.8235554697057293e+02,
            2.8035431253294490e+01, 9.0748340502206531e+02,
            -4.0251272713091502e-01, 5.1825927781244717e-03,
            -3.0563012962366476e+00, 2.0408948427738434e+02,
            1.5213373658241645e+01, 8.4911367639891409e+02,
            -3.9325498781782853e-01, 6.2379772722554315e-02,
            -2.9997847619366511e+00, 1.4830116019850882e+02,
            1.3891149842294530e+02, 8.5281379405582823e+02,
            9.0816384625191440e-02, 6.7193658465614266e-04,
            -3.1346489284206127e+00, 1.4252556436633930e+02,
            1.0092172909902756e+02, 7.4191835139177067e+02,
            -1.7891360142907178e-01, -2.1157191882703773e-02,
            3.0919159911702465e+00, 9.6787035911909243e+01,
            6.4052438772128852e+01, 7.2830944298303837e+02,
            -1.8110850946170121e-01, -3.7273269543766356e-02,
            3.1178092674677451e+00, 2.1255393644849605e+01,
            2.8220345000155760e+01, 7.1317678682135738e+02 ]
    },
    "Image_points": {
        "type_id": "opencv-matrix",
        "rows": 30,
        "cols": 54,
        "dt": "2f",
        "data": [ 1.77364502e+03, 7.61877136e+02, 1.69261768e+03,
            7.62593872e+02, 1.61247937e+03, 7.63708557e+02,
            1.53215857e+03, 7.64752075e+02, 1.45118762e+03,
            7.66246826e+02, 1.36885071e+03, 7.66564026e+02,
            1.28508875e+03, 7.66816772e+02, 1.20223450e+03,
            7.67201416e+02, 1.11938196e+03, 7.67419922e+02,
            1.77274939e+03, 6.80223450e+02, 1.69192468e+03,
            6.80644775e+02, 1.61230420e+03, 6.81461975e+02,
            1.53156567e+03, 6.82371948e+02, 1.45029663e+03,
            6.83402649e+02, 1.36759766e+03, 6.83545654e+02,
            1.28425195e+03, 6.83726379e+02, 1.20100122e+03,
